23.50366267770517 43.497506202266486 4.501244287781253 
31.50366267770517 27.497506202266482 4.501244287781253 
12.50366267770517 3.497506202266483 4.501244287781253 
5.50366267770517 2.497506202266483 4.501244287781253 
31.50366267770517 46.497506202266486 4.501244287781253 
22.85109880331155 42.84925186067995 3.3550447764408635 
17.859795720656084 21.858056652962787 0.42920134303082136 
42.85475626444852 33.89964875433813 0.6241045203729644 
21.816202704035927 46.173011475990705 0.8633132194273685 
7.50366267770517 48.497506202266486 4.501244287781253 
20.30191312687732 40.5402052745991 4.554968719447103 
15.50366267770517 10.497506202266484 4.501244287781253 
24.91358739244559 27.912515546601835 0.9167640949390378 
29.966274920554806 36.96585660096862 1.3943189903640427 
48.97014876197877 13.969778492798042 1.4294311317474524 
30.070321723387856 48.929841476423604 1.071880687634792 
19.909719265308954 48.93762358045174 1.0312438985220453 
19.962614452060915 41.974169720358724 1.42306590794904 
22.90052257590719 8.931269439022316 0.9631192629409027 
43.86812099414342 26.908882662208406 0.7231039864125052 
0.8162027040359218 23.173011475990705 0.5591523695943673 
45.90261743194104 41.93271680893249 0.97863694519219 
40.76392833260422 36.836894267427844 4.792590849546591 
32.81620270403592 43.87301147599071 3.22303869942395 
47.81620270403592 39.87301147599071 1.4119048733458803 
34.84824630616553 11.8951509188864 0.5758818919571398 
12.820862963406382 25.168624695717615 0.37303930752636416 
24.816202704035923 5.173011475990708 1.0739412554131216 
2.816202704035925 44.173011475990705 1.4875799347637892 
22.30191312687732 9.520777192096032 4.5343369656217565 
27.650291404725717 8.954910151437218 1.0817196788864472 
32.376861932875755 39.183401491558385 0.5982998718190735 
35.81620270403592 12.873011475990708 0.38810889684122324 
14.50366267770517 10.497506202266484 4.501244287781253 
34.81620270403592 36.87301147599071 2.6994360320683723 
25.816202704035923 23.17301147599071 0.356199900769354 
15.092455902381507 31.90775866553734 0.874176413344203 
7.50366267770517 31.497506202266482 4.501244287781253 
18.50366267770517 2.497506202266483 4.501244287781253 
46.96107352473341 27.03664214375768 1.411651462156922 
18.50366267770517 41.497506202266486 4.501244287781253 
26.50366267770517 13.497506202266484 4.501244287781253 
22.85109880331155 47.84925186067995 2.7859937208350654 
1.151098803311551 35.84925186067995 0.3925000664761658 
28.067405336903576 9.932751094676082 1.0979300872348805 
22.14423663157396 30.856098106966908 0.41166675847204803 
1.8406886518662766 10.889929213314508 0.5198984372058921 
22.50366267770517 40.497506202266486 4.501244287781253 
11.151098803311552 44.84925186067995 2.6509268245111444 
5.816202704035925 44.173011475990705 1.0674047381767444 
