18.86873293963113 35.86708143573101 0.5218531689931347 
7.131265554511169 39.86721756992432 3.4139717789351307 
38.13126555451117 0.8672175699243238 2.865138356189562 
6.878282461399417 42.88110142134584 0.5989832546917181 
1.5111012708756513 15.489797567925653 4.641921651543413 
43.83760616244247 35.86139034325327 1.3288982277884431 
4.480712839798029 11.517725532875634 4.253427723716769 
41.0836854814082 27.915729714036864 0.789488670048861 
28.828776074135753 21.86950548404831 2.1632502283981956 
13.83665213180346 14.162267128704267 1.381445552965112 
1.1196215559736873 35.86414322828259 0.4192690538301836 
21.844648912698897 30.85491782475403 0.9409885813576273 
12.031914115232755 37.967717092346874 1.3135491529793724 
22.110531726303496 43.88923984764592 0.6437563047662003 
6.0920645714434 29.907461854737523 0.7440035523160857 
26.893046738051154 37.106542710326146 0.7182321501922437 
40.61594626523844 24.578175443682863 4.847886846912518 
13.924805605187103 36.94269226041944 0.9879785406785548 
37.50083410445356 30.499233430647205 4.510663417092954 
6.828776074135753 39.16950548404831 1.8893088795916517 
23.51684248873886 33.484521200388144 4.715318934624227 
23.828776074135753 1.1695054840483103 2.680358377055693 
24.828776074135753 37.86950548404831 3.5097947064154496 
15.831265554511168 18.867217569924325 3.187667735895121 
33.88908460536695 31.896960425252946 0.6862305860409802 
22.90528103986144 38.920738975020576 0.8170468102334943 
36.13126555451117 2.867217569924324 3.1095004352329365 
18.930349887496316 24.945190140836445 1.043884487530427 
20.517712947392514 38.48372122033298 4.726447113650819 
36.07085064841611 43.91953339605434 0.9164846301442682 
37.09488857829093 23.8922330025343 0.650656611100394 
5.8408057760605425 2.140885261176264 0.6061897091471046 
16.06457319457326 1.9346806119463928 0.9180774696190659 
21.83126555451117 45.86721756992432 3.5429607187679597 
28.509909231890067 4.49089309085421 4.626682302514518 
47.83126555451117 4.867217569924324 2.5393723204472423 
44.037609859236795 35.96195552959142 1.24457888453478 
25.131265554511167 35.86721756992432 2.808784081316827 
4.618244789157879 23.58070002226326 4.848797229208501 
22.83126555451117 0.8672175699243225 2.6423294429850586 
48.844885924854985 44.1547000028082 0.9279341213354019 
9.896876877051033 17.908400530796293 0.7491676207285026 
13.895212716414356 35.10433395087822 0.7357264395219834 
36.13825150043804 30.86188804794077 0.49328206654465495 
2.8955953797986407 43.90651912003249 0.7388171555117228 
6.914678980074669 13.084483201440484 0.8929525939601841 
25.523865894914326 48.47806645973382 4.805108060125952 
25.89125375599432 31.108371106271953 0.7037504972827894 
25.131265554511167 27.867217569924325 2.572500259961761 
32.481097447346144 31.517372065923166 4.258344650709754 
